% number of basis vectors with non-zero coefficient
SIZE_CONNECTED = 3;

% prefactors of the partial amplitude in total amplitude
a_0 = 11.075498483890767;
a_1 = 11.075498483890767;
a_2 = 11.075498483890767;

% permutations defining the partial amplitudes
A_0 = 0 1 2 3;
A_1 = 0 1 3 2;
A_2 = 0 2 1 3;


% dimension of the colour space
DIM = 6;

% colour metric aka soft matrix
METRIC = 1 -0.173912975425323 -0.173912975425323 0.481543257935174 -0.0601928620972426 0.481543257935174 -0.173912975425323 1 -0.173912975425323 0.481543257935174 0.481543257935174 -0.0601928620972426 -0.173912975425323 -0.173912975425323 1 -0.0601928620972426 0.481543257935174 0.481543257935174 0.481543257935174 0.481543257935174 -0.0601928620972426 1 0.124999906250055 0.124999906250055 -0.0601928620972426 0.481543257935174 0.481543257935174 0.124999906250055 1 0.124999906250055 0.481543257935174 -0.0601928620972426 0.481543257935174 0.124999906250055 0.124999906250055 1;

% colour change matrices
C_01 = -1.84782608695652 -0.0869565217391304 0.304347826086956 -1.44463023702923 0 -0.812604508328942 -0.0869565217391304 -1.84782608695652 0.304347826086956 -1.44463023702923 -0.812604508328942 0 0.304347826086956 0.304347826086956 0.695652173913043 0.180578779628654 0.812604508328942 0.812604508328942 -1.44463023702923 -1.44463023702923 0.180578779628654 -3 -0.375 -0.375 0 -0.812604508328942 0.812604508328942 -0.375 0 0.375 -0.812604508328942 0 0.812604508328942 -0.375 0.375 0; 
C_02 = 0.695652173913043 0.304347826086956 0.304347826086957 0.812604508328942 0.180578779628654 0.812604508328942 0.304347826086956 -1.84782608695652 -0.0869565217391304 -0.812604508328942 -1.44463023702923 0 0.304347826086957 -0.0869565217391304 -1.84782608695652 0 -1.44463023702923 -0.812604508328942 0.812604508328942 -0.812604508328942 0 0 -0.375 0.375 0.180578779628654 -1.44463023702923 -1.44463023702923 -0.375 -3 -0.375 0.812604508328942 0 -0.812604508328942 0.375 -0.375 0; 
C_03 = -1.84782608695652 0.304347826086956 -0.0869565217391304 -0.812604508328942 0 -1.44463023702923 0.304347826086956 0.695652173913043 0.304347826086956 0.812604508328942 0.812604508328942 0.180578779628654 -0.0869565217391304 0.304347826086956 -1.84782608695652 0 -0.812604508328942 -1.44463023702923 -0.812604508328942 0.812604508328942 0 0 0.375 -0.375 0 0.812604508328942 -0.812604508328942 0.375 0 -0.375 -1.44463023702923 0.180578779628654 -1.44463023702923 -0.375 -0.375 -3;
C_12 = -1.84782608695652 0.304347826086956 -0.0869565217391304 -0.812604508328942 0 -1.44463023702923 0.304347826086956 0.695652173913043 0.304347826086956 0.812604508328942 0.812604508328942 0.180578779628654 -0.0869565217391304 0.304347826086956 -1.84782608695652 0 -0.812604508328942 -1.44463023702923 -0.812604508328942 0.812604508328942 0 0 0.375 -0.375 0 0.812604508328942 -0.812604508328942 0.375 0 -0.375 -1.44463023702923 0.180578779628654 -1.44463023702923 -0.375 -0.375 -3;
C_13 = 0.695652173913043 0.304347826086957 0.304347826086956 0.812604508328942 0.180578779628654 0.812604508328942 0.304347826086957 -1.84782608695652 -0.0869565217391304 -0.812604508328942 -1.44463023702923 0 0.304347826086956 -0.0869565217391304 -1.84782608695652 0 -1.44463023702923 -0.812604508328942 0.812604508328942 -0.812604508328942 0 0 -0.375 0.375 0.180578779628654 -1.44463023702923 -1.44463023702923 -0.375 -3 -0.375 0.812604508328942 0 -0.812604508328942 0.375 -0.375 0;
C_23 = -1.84782608695652 -0.0869565217391304 0.304347826086956 -1.44463023702923 0 -0.812604508328942 -0.0869565217391304 -1.84782608695652 0.304347826086956 -1.44463023702923 -0.812604508328942 0 0.304347826086956 0.304347826086956 0.695652173913043 0.180578779628654 0.812604508328942 0.812604508328942 -1.44463023702923 -1.44463023702923 0.180578779628654 -3 -0.375 -0.375 0 -0.812604508328942 0.812604508328942 -0.375 0 0.375 -0.812604508328942 0 0.812604508328942 -0.375 0.375 0;