6

1 -0.173912975425323 -0.173912975425323 0.481543257935174 -0.0601928620972426 0.481543257935174 -0.173912975425323 1 -0.173912975425323 0.481543257935174 0.481543257935174 -0.0601928620972426 -0.173912975425323 -0.173912975425323 1 -0.0601928620972426 0.481543257935174 0.481543257935174 0.481543257935174 0.481543257935174 -0.0601928620972426 1 0.124999906250055 0.124999906250055 -0.0601928620972426 0.481543257935174 0.481543257935174 0.124999906250055 1 0.124999906250055 0.481543257935174 -0.0601928620972426 0.481543257935174 0.124999906250055 0.124999906250055 1




