% number of basis vectors with non-zero coefficient
SIZE_CONNECTED = 3;

% prefactors of the partial amplitude in total amplitude
a_0 = 11.07549848389076708;
a_1 = 11.07549848389076708;
a_2 = 11.07549848389076708;

% permutations defining the partial amplitudes
A_0 = 0 1 2 3;
A_1 = 0 1 3 2;
A_2 = 0 2 1 3;


% dimension of the colour space
DIM = 6;

% colour metric aka soft matrix
METRIC = 1.00000000000000022 -0.17391304347826086 -0.17391304347826086 0.48154341234307685 -0.06019292654288461 0.48154341234307685 -0.17391304347826086 1.00000000000000022 -0.17391304347826086 0.48154341234307685 0.48154341234307685 -0.06019292654288461 -0.17391304347826086 -0.17391304347826086 1.00000000000000022 -0.06019292654288461 0.48154341234307685 0.48154341234307685 0.48154341234307685 0.48154341234307685 -0.06019292654288461 1.00000000000000000 0.12500000000000000 0.12500000000000000 -0.06019292654288461 0.48154341234307685 0.48154341234307685 0.12500000000000000 1.00000000000000000 0.12500000000000000 0.48154341234307685 -0.06019292654288461 0.48154341234307685 0.12500000000000000 0.12500000000000000 1.00000000000000000;

% colour change matrices
C_01 = -1.84782608695652240 -0.08695652173913043 0.30434782608695643 -1.44463023702923055 0.00000000000000000 -0.81260450832894227 -0.08695652173913043 -1.84782608695652240 0.30434782608695649 -1.44463023702923055 -0.81260450832894227 0.00000000000000000 0.30434782608695665 0.30434782608695665 0.69565217391304357 0.18057877962865379 0.81260450832894227 0.81260450832894227 -1.44463023702923055 -1.44463023702923055 0.18057877962865379 -3.00000000000000000 -0.37500000000000000 -0.37500000000000000 0.00000000000000000 -0.81260450832894204 0.81260450832894215 -0.37500000000000000 0.00000000000000000 0.37500000000000000 -0.81260450832894204 0.00000000000000000 0.81260450832894215 -0.37500000000000000 0.37500000000000000 0.00000000000000000;
C_02 = 0.69565217391304357 0.30434782608695665 0.30434782608695665 0.81260450832894227 0.18057877962865379 0.81260450832894227 0.30434782608695637 -1.84782608695652217 -0.08695652173913043 -0.81260450832894227 -1.44463023702923055 0.00000000000000000 0.30434782608695643 -0.08695652173913043 -1.84782608695652240 0.00000000000000000 -1.44463023702923055 -0.81260450832894227 0.81260450832894215 -0.81260450832894204 0.00000000000000000 0.00000000000000000 -0.37500000000000000 0.37500000000000000 0.18057877962865379 -1.44463023702923055 -1.44463023702923055 -0.37500000000000000 -3.00000000000000000 -0.37500000000000000 0.81260450832894215 0.00000000000000000 -0.81260450832894204 0.37500000000000000 -0.37500000000000000 0.00000000000000000;
C_03 = -1.84782608695652217 0.30434782608695637 -0.08695652173913043 -0.81260450832894227 0.00000000000000000 -1.44463023702923055 0.30434782608695665 0.69565217391304357 0.30434782608695665 0.81260450832894227 0.81260450832894227 0.18057877962865379 -0.08695652173913043 0.30434782608695643 -1.84782608695652217 0.00000000000000000 -0.81260450832894227 -1.44463023702923055 -0.81260450832894204 0.81260450832894215 0.00000000000000000 0.00000000000000000 0.37500000000000000 -0.37500000000000000 0.00000000000000000 0.81260450832894215 -0.81260450832894204 0.37500000000000000 0.00000000000000000 -0.37500000000000000 -1.44463023702923055 0.18057877962865379 -1.44463023702923055 -0.37500000000000000 -0.37500000000000000 -3.00000000000000000;
C_12 = -1.84782608695652195 0.30434782608695654 -0.08695652173913053 -0.81260450832894227 0.00000000000000000 -1.44463023702923055 0.30434782608695654 0.69565217391304346 0.30434782608695654 0.81260450832894227 0.81260450832894227 0.18057877962865379 -0.08695652173913052 0.30434782608695654 -1.84782608695652195 0.00000000000000000 -0.81260450832894227 -1.44463023702923055 -0.81260450832894215 0.81260450832894215 0.00000000000000000 0.00000000000000000 0.37500000000000000 -0.37500000000000000 0.00000000000000000 0.81260450832894215 -0.81260450832894215 0.37500000000000000 0.00000000000000000 -0.37500000000000000 -1.44463023702923055 0.18057877962865379 -1.44463023702923055 -0.37500000000000000 -0.37500000000000000 -3.00000000000000000;
C_13 = 0.69565217391304346 0.30434782608695654 0.30434782608695654 0.81260450832894227 0.18057877962865379 0.81260450832894227 0.30434782608695654 -1.84782608695652195 -0.08695652173913053 -0.81260450832894227 -1.44463023702923055 0.00000000000000000 0.30434782608695654 -0.08695652173913052 -1.84782608695652195 0.00000000000000000 -1.44463023702923055 -0.81260450832894227 0.81260450832894215 -0.81260450832894215 0.00000000000000000 0.00000000000000000 -0.37500000000000000 0.37500000000000000 0.18057877962865379 -1.44463023702923055 -1.44463023702923055 -0.37500000000000000 -3.00000000000000000 -0.37500000000000000 0.81260450832894215 0.00000000000000000 -0.81260450832894215 0.37500000000000000 -0.37500000000000000 0.00000000000000000;
C_23 = -1.84782608695652195 -0.08695652173913052 0.30434782608695654 -1.44463023702923055 0.00000000000000000 -0.81260450832894227 -0.08695652173913053 -1.84782608695652217 0.30434782608695654 -1.44463023702923055 -0.81260450832894227 0.00000000000000000 0.30434782608695654 0.30434782608695654 0.69565217391304346 0.18057877962865379 0.81260450832894227 0.81260450832894227 -1.44463023702923055 -1.44463023702923055 0.18057877962865379 -3.00000000000000000 -0.37500000000000000 -0.37500000000000000 0.00000000000000000 -0.81260450832894215 0.81260450832894215 -0.37500000000000000 0.00000000000000000 0.37500000000000000 -0.81260450832894215 0.00000000000000000 0.81260450832894215 -0.37500000000000000 0.37500000000000000 0.00000000000000000;
