% number of basis vectors with non-zero coefficient
SIZE_CONNECTED = 3;

% prefactors of the partial amplitude in total amplitude
a_0 = 11.07549848389076708;
a_1 = 11.07549848389076708;
a_2 = 11.07549848389076708;

% permutations defining the partial amplitudes
A_0 = 0 1 2 3;
A_1 = 0 1 3 2;
A_2 = 0 2 1 3;


% dimension of the colour space
DIM = 6

% colour metric aka soft matrix
METRIC = 1.00000000000000044 -0.17391304347826111 -0.17391304347826123 0.48154341234307696 -0.06019292654288461 0.48154341234307696 -0.17391304347826111 1.00000000000000044 -0.17391304347826111 0.48154341234307696 0.48154341234307696 -0.06019292654288461 -0.17391304347826123 -0.17391304347826111 1.00000000000000044 -0.06019292654288461 0.48154341234307696 0.48154341234307696 0.48154341234307696 0.48154341234307696 -0.06019292654288461 1.00000000000000000 0.12500000000000000 0.12500000000000000 -0.06019292654288461 0.48154341234307696 0.48154341234307696 0.12500000000000000 1.00000000000000000 0.12500000000000000 0.48154341234307696 -0.06019292654288461 0.48154341234307696 0.12500000000000000 0.12500000000000000 1.00000000000000000;

% colour change matrices (not multiplied with inverse colour metric)
C_01 = -1.84782608695652462 -0.08695652173913090 0.30434782608695632 -1.44463023702923077 0.00000000000000000 -0.81260450832894238 -0.08695652173913090 -1.84782608695652462 0.30434782608695626 -1.44463023702923077 -0.81260450832894238 0.00000000000000000 0.30434782608695643 0.30434782608695710 0.69565217391304102 0.18057877962865385 0.81260450832894238 0.81260450832894238 -1.44463023702923077 -1.44463023702923077 0.18057877962865385 -3.00000000000000000 -0.37500000000000000 -0.37500000000000000 0.00000000000000000 -0.81260450832894238 0.81260450832894238 -0.37500000000000000 0.00000000000000000 0.37500000000000000 -0.81260450832894238 0.00000000000000000 0.81260450832894238 -0.37500000000000000 0.37500000000000000 0.00000000000000000;
C_02 = 0.69565217391304102 0.30434782608695565 0.30434782608695643 0.81260450832894238 0.18057877962865385 0.81260450832894238 0.30434782608695615 -1.84782608695652417 -0.08695652173913074 -0.81260450832894215 -1.44463023702923077 0.00000000000000000 0.30434782608695632 -0.08695652173913099 -1.84782608695652462 0.00000000000000000 -1.44463023702923077 -0.81260450832894238 0.81260450832894238 -0.81260450832894215 0.00000000000000000 0.00000000000000000 -0.37500000000000000 0.37500000000000000 0.18057877962865385 -1.44463023702923077 -1.44463023702923077 -0.37500000000000000 -3.00000000000000000 -0.37500000000000000 0.81260450832894238 0.00000000000000000 -0.81260450832894238 0.37500000000000000 -0.37500000000000000 0.00000000000000000;
C_03 = -1.84782608695652417 0.30434782608695615 -0.08695652173912977 -0.81260450832894215 0.00000000000000000 -1.44463023702923077 0.30434782608695565 0.69565217391304102 0.30434782608695643 0.81260450832894238 0.81260450832894238 0.18057877962865385 -0.08695652173912977 0.30434782608695748 -1.84782608695652417 0.00000000000000000 -0.81260450832894215 -1.44463023702923077 -0.81260450832894215 0.81260450832894238 0.00000000000000000 0.00000000000000000 0.37500000000000000 -0.37500000000000000 0.00000000000000000 0.81260450832894238 -0.81260450832894215 0.37500000000000000 0.00000000000000000 -0.37500000000000000 -1.44463023702923077 0.18057877962865385 -1.44463023702923077 -0.37500000000000000 -0.37500000000000000 -3.00000000000000000;
C_12 = -1.84782608695652462 0.30434782608695604 -0.08695652173913143 -0.81260450832894238 0.00000000000000000 -1.44463023702923077 0.30434782608695682 0.69565217391303991 0.30434782608695593 0.81260450832894238 0.81260450832894238 0.18057877962865385 -0.08695652173913099 0.30434782608695665 -1.84782608695652462 0.00000000000000000 -0.81260450832894215 -1.44463023702923077 -0.81260450832894238 0.81260450832894238 0.00000000000000000 0.00000000000000000 0.37500000000000000 -0.37500000000000000 0.00000000000000000 0.81260450832894238 -0.81260450832894215 0.37500000000000000 0.00000000000000000 -0.37500000000000000 -1.44463023702923077 0.18057877962865385 -1.44463023702923077 -0.37500000000000000 -0.37500000000000000 -3.00000000000000000;
C_13 = 0.69565217391303991 0.30434782608695682 0.30434782608695660 0.81260450832894238 0.18057877962865385 0.81260450832894238 0.30434782608695604 -1.84782608695652462 -0.08695652173913151 -0.81260450832894238 -1.44463023702923077 0.00000000000000000 0.30434782608695576 -0.08695652173913093 -1.84782608695652462 0.00000000000000000 -1.44463023702923077 -0.81260450832894238 0.81260450832894238 -0.81260450832894238 0.00000000000000000 0.00000000000000000 -0.37500000000000000 0.37500000000000000 0.18057877962865385 -1.44463023702923077 -1.44463023702923077 -0.37500000000000000 -3.00000000000000000 -0.37500000000000000 0.81260450832894238 0.00000000000000000 -0.81260450832894238 0.37500000000000000 -0.37500000000000000 0.00000000000000000;
C_23 = -1.84782608695652462 -0.08695652173913149 0.30434782608695576 -1.44463023702923077 0.00000000000000000 -0.81260450832894238 -0.08695652173913104 -1.84782608695652462 0.30434782608695699 -1.44463023702923077 -0.81260450832894215 0.00000000000000000 0.30434782608695660 0.30434782608695654 0.69565217391303991 0.18057877962865385 0.81260450832894238 0.81260450832894238 -1.44463023702923077 -1.44463023702923077 0.18057877962865385 -3.00000000000000000 -0.37500000000000000 -0.37500000000000000 0.00000000000000000 -0.81260450832894215 0.81260450832894238 -0.37500000000000000 0.00000000000000000 0.37500000000000000 -0.81260450832894238 0.00000000000000000 0.81260450832894238 -0.37500000000000000 0.37500000000000000 0.00000000000000000;
