% number of basis vectors with non-zero coefficient
SIZE_CONNECTED = 2;

% prefactors of the partial amplitude in total amplitude
a_0 = 4.61880215351700674;
a_1 = 4.61880215351700674;

% permutations defining the partial amplitudes
A_0 = 1 2 3 0;
A_1 = 1 3 2 0;


% dimension of the colour space
DIM = 3;

% colour metric aka soft matrix
METRIC = 1.00000000000000000 0.14062500000000003 0.35355339059327384 0.14062500000000003 1.00000000000000000 0.35355339059327384 0.35355339059327384 0.35355339059327384 1.00000000000000022;

% colour change matrices
C_01 = -0.18750000000000000 -0.18750000000000003 -0.53033008588991071 -0.18750000000000003 -0.18750000000000000 -0.53033008588991071 -0.53033008588991071 -0.53033008588991071 -1.33333333333333370;
C_02 = -0.18750000000000000 -0.07031250000000001 -0.17677669529663692 -0.07031250000000001 -0.18750000000000000 -0.06629126073623884 -0.19887378220871652 -0.06629126073623884 0.00000000000000000;
C_03 = -0.18750000000000000 -0.07031250000000001 -0.06629126073623884 -0.07031250000000001 -0.18750000000000000 -0.17677669529663692 -0.06629126073623884 -0.19887378220871652 0.00000000000000000;
C_12 = 0.56250000000000011 0.07031250000000001 0.17677669529663692 0.07031250000000001 0.21093750000000006 0.06629126073623884 0.19887378220871652 0.06629126073623884 0.00000000000000000;
C_13 = 0.21093750000000006 0.07031250000000001 0.06629126073623884 0.07031250000000001 0.56250000000000011 0.17677669529663692 0.06629126073623884 0.19887378220871652 0.00000000000000000;
C_23 = 0.21093750000000006 0.18750000000000003 -1.06066017177982141 0.18750000000000003 0.21093750000000006 -1.06066017177982141 -1.06066017177982141 -1.06066017177982141 -3.00000000000000089;
