% number of basis vectors with non-zero coefficient
SIZE_CONNECTED = 2;

% prefactors of the partial amplitude in total amplitude
a_0 = 4.61880215351700674;
a_1 = 4.61880215351700674;

% permutations defining the partial amplitudes
A_0 = 0 2 3 1;
A_1 = 0 3 2 1;


% dimension of the colour space
DIM = 3;

% colour metric aka soft matrix
METRIC = 1.00000000000000000 -0.12499999999999997 0.35355339059327384 -0.12499999999999997 1.00000000000000000 0.35355339059327384 0.35355339059327384 0.35355339059327384 1.00000000000000022;

% colour change matrices
C_01 = -0.02083333333333331 -0.20833333333333337 -0.47140452079103173 -0.20833333333333337 -0.02083333333333331 -0.47140452079103173 -0.47140452079103173 -0.47140452079103173 -1.33333333333333370;
C_02 = -1.50000000000000022 0.18749999999999997 -0.53033008588991071 0.18750000000000003 0.18749999999999994 0.53033008588991071 -0.53033008588991071 0.53033008588991071 0.00000000000000000;
C_03 = 0.18749999999999994 0.18750000000000003 0.53033008588991071 0.18749999999999997 -1.50000000000000022 -0.53033008588991071 0.53033008588991071 -0.53033008588991071 0.00000000000000000;
C_12 = 0.18749999999999994 0.18750000000000000 0.53033008588991071 0.18749999999999997 -1.50000000000000000 -0.53033008588991071 0.53033008588991071 -0.53033008588991071 0.00000000000000000;
C_13 = -1.50000000000000000 0.18749999999999997 -0.53033008588991071 0.18750000000000000 0.18749999999999994 0.53033008588991071 -0.53033008588991071 0.53033008588991071 0.00000000000000000;
C_23 = -1.68750000000000000 0.00000000000000000 -1.06066017177982141 0.00000000000000000 -1.68750000000000000 -1.06066017177982141 -1.06066017177982141 -1.06066017177982141 -3.00000000000000089;
