% number of basis vectors with non-zero coefficient
SIZE_CONNECTED = 14;

% prefactors of the partial amplitude in total amplitude
a_0 = 8.00000000000000178;
a_1 = 8.00000000000000178;
a_2 = 8.00000000000000178;
a_3 = 8.00000000000000178;
a_4 = 8.00000000000000178;
a_5 = 8.00000000000000178;
a_6 = 8.00000000000000178;
a_7 = 8.00000000000000178;
a_8 = 8.00000000000000178;
a_9 = 8.00000000000000178;
a_10 = 8.00000000000000178;
a_11 = 8.00000000000000178;
a_12 = 16.97056274847714263;
a_13 = 16.97056274847714263;

% permutations defining the partial amplitudes
A_0 = 0 4 5 2 1 3;
A_1 = 0 4 5 3 1 2;
A_2 = 0 5 4 2 1 3;
A_3 = 0 5 4 3 1 2;
A_4 = 1 4 5 2 0 3;
A_5 = 1 4 5 3 0 2;
A_6 = 1 5 4 2 0 3;
A_7 = 1 5 4 3 0 2;
A_8 = 0 4 2 1 5 3;
A_9 = 0 4 3 1 5 2;
A_10 = 0 5 2 1 4 3;
A_11 = 0 5 3 1 4 2;
A_12 = 0 2 1 3 4 5;
A_13 = 0 3 1 2 4 5;


% dimension of the colour space
DIM = 14;

% colour metric aka soft matrix
METRIC = 1.00000000000000000 0.33333333333333331 -0.12500000000000000 -0.04166666666666666 0.33333333333333331 0.12500000000000000 -0.04166666666666666 0.12500000000000000 0.00000000000000000 0.33333333333333331 0.00000000000000000 -0.04166666666666666 0.35355339059327379 0.11785113019775793 0.33333333333333331 1.00000000000000000 -0.04166666666666666 -0.12500000000000000 0.12500000000000000 0.33333333333333331 0.12500000000000000 -0.04166666666666666 0.33333333333333331 0.00000000000000000 -0.04166666666666666 0.00000000000000000 0.11785113019775793 0.35355339059327379 -0.12500000000000000 -0.04166666666666666 1.00000000000000000 0.33333333333333331 -0.04166666666666666 0.12500000000000000 0.33333333333333331 0.12500000000000000 0.00000000000000000 -0.04166666666666666 0.00000000000000000 0.33333333333333331 0.35355339059327379 0.11785113019775793 -0.04166666666666666 -0.12500000000000000 0.33333333333333331 1.00000000000000000 0.12500000000000000 -0.04166666666666666 0.12500000000000000 0.33333333333333331 -0.04166666666666666 0.00000000000000000 0.33333333333333331 0.00000000000000000 0.11785113019775793 0.35355339059327379 0.33333333333333331 0.12500000000000000 -0.04166666666666666 0.12500000000000000 1.00000000000000000 0.33333333333333331 -0.12500000000000000 -0.04166666666666666 -0.04166666666666666 0.00000000000000000 0.33333333333333331 0.00000000000000000 0.11785113019775793 0.35355339059327379 0.12500000000000000 0.33333333333333331 0.12500000000000000 -0.04166666666666666 0.33333333333333331 1.00000000000000000 -0.04166666666666666 -0.12500000000000000 0.00000000000000000 -0.04166666666666666 0.00000000000000000 0.33333333333333331 0.35355339059327379 0.11785113019775793 -0.04166666666666666 0.12500000000000000 0.33333333333333331 0.12500000000000000 -0.12500000000000000 -0.04166666666666666 1.00000000000000000 0.33333333333333331 0.33333333333333331 0.00000000000000000 -0.04166666666666666 0.00000000000000000 0.11785113019775793 0.35355339059327379 0.12500000000000000 -0.04166666666666666 0.12500000000000000 0.33333333333333331 -0.04166666666666666 -0.12500000000000000 0.33333333333333331 1.00000000000000000 0.00000000000000000 0.33333333333333331 0.00000000000000000 -0.04166666666666666 0.35355339059327379 0.11785113019775793 0.00000000000000000 0.33333333333333331 0.00000000000000000 -0.04166666666666666 -0.04166666666666666 0.00000000000000000 0.33333333333333331 0.00000000000000000 1.00000000000000000 0.33333333333333331 0.12500000000000000 0.33333333333333331 0.00000000000000000 0.11785113019775793 0.33333333333333331 0.00000000000000000 -0.04166666666666666 0.00000000000000000 0.00000000000000000 -0.04166666666666666 0.00000000000000000 0.33333333333333331 0.33333333333333331 1.00000000000000000 0.33333333333333331 0.12500000000000000 0.11785113019775793 0.00000000000000000 0.00000000000000000 -0.04166666666666666 0.00000000000000000 0.33333333333333331 0.33333333333333331 0.00000000000000000 -0.04166666666666666 0.00000000000000000 0.12500000000000000 0.33333333333333331 1.00000000000000000 0.33333333333333331 0.00000000000000000 0.11785113019775793 -0.04166666666666666 0.00000000000000000 0.33333333333333331 0.00000000000000000 0.00000000000000000 0.33333333333333331 0.00000000000000000 -0.04166666666666666 0.33333333333333331 0.12500000000000000 0.33333333333333331 1.00000000000000000 0.11785113019775793 0.00000000000000000 0.35355339059327379 0.11785113019775793 0.35355339059327379 0.11785113019775793 0.11785113019775793 0.35355339059327379 0.11785113019775793 0.35355339059327379 0.00000000000000000 0.11785113019775793 0.00000000000000000 0.11785113019775793 1.00000000000000000 0.33333333333333337 0.11785113019775793 0.35355339059327379 0.11785113019775793 0.35355339059327379 0.35355339059327379 0.11785113019775793 0.35355339059327379 0.11785113019775793 0.11785113019775793 0.00000000000000000 0.11785113019775793 0.00000000000000000 0.33333333333333337 1.00000000000000000;

% colour change matrices
C_01 = 0.00000000000000000 0.00694444444444445 0.00000000000000000 0.06944444444444445 0.44444444444444442 0.14583333333333331 -0.05555555555555555 -0.04166666666666666 -0.02083333333333333 -0.05555555555555555 0.16666666666666666 0.00694444444444445 0.00000000000000000 0.15713484026367724 0.00694444444444445 0.00000000000000000 0.06944444444444445 0.00000000000000000 0.14583333333333331 0.44444444444444442 -0.04166666666666666 -0.05555555555555555 -0.05555555555555555 -0.02083333333333333 0.00694444444444445 0.16666666666666666 0.15713484026367724 0.00000000000000000 0.00000000000000000 0.06944444444444445 0.00000000000000000 0.00694444444444445 -0.05555555555555555 -0.04166666666666666 0.44444444444444442 0.14583333333333331 0.16666666666666666 0.00694444444444445 -0.02083333333333333 -0.05555555555555555 0.00000000000000000 0.15713484026367724 0.06944444444444445 0.00000000000000000 0.00694444444444445 0.00000000000000000 -0.04166666666666666 -0.05555555555555555 0.14583333333333331 0.44444444444444442 0.00694444444444445 0.16666666666666666 -0.05555555555555555 -0.02083333333333333 0.15713484026367724 0.00000000000000000 0.44444444444444442 0.14583333333333331 -0.05555555555555555 -0.04166666666666666 0.00000000000000000 0.00694444444444445 0.00000000000000000 0.06944444444444445 0.00694444444444445 0.16666666666666666 -0.05555555555555555 -0.02083333333333333 0.15713484026367724 0.00000000000000000 0.14583333333333331 0.44444444444444442 -0.04166666666666666 -0.05555555555555555 0.00694444444444445 0.00000000000000000 0.06944444444444445 0.00000000000000000 0.16666666666666666 0.00694444444444445 -0.02083333333333333 -0.05555555555555555 0.00000000000000000 0.15713484026367724 -0.05555555555555555 -0.04166666666666666 0.44444444444444442 0.14583333333333331 0.00000000000000000 0.06944444444444445 0.00000000000000000 0.00694444444444445 -0.05555555555555555 -0.02083333333333333 0.00694444444444445 0.16666666666666666 0.15713484026367724 0.00000000000000000 -0.04166666666666666 -0.05555555555555555 0.14583333333333331 0.44444444444444442 0.06944444444444445 0.00000000000000000 0.00694444444444445 0.00000000000000000 -0.02083333333333333 -0.05555555555555555 0.16666666666666666 0.00694444444444445 0.00000000000000000 0.15713484026367724 -0.02083333333333333 -0.05555555555555555 0.16666666666666666 0.00694444444444445 0.00694444444444445 0.16666666666666666 -0.05555555555555555 -0.02083333333333333 0.00000000000000000 0.00694444444444445 0.14583333333333334 0.44444444444444442 0.05892556509887897 -0.01964185503295966 -0.05555555555555555 -0.02083333333333333 0.00694444444444445 0.16666666666666666 0.16666666666666666 0.00694444444444445 -0.02083333333333333 -0.05555555555555555 0.00694444444444445 0.00000000000000000 0.44444444444444442 0.14583333333333334 -0.01964185503295966 0.05892556509887897 0.16666666666666666 0.00694444444444445 -0.02083333333333333 -0.05555555555555555 -0.05555555555555555 -0.02083333333333333 0.00694444444444445 0.16666666666666666 0.14583333333333334 0.44444444444444442 0.00000000000000000 0.00694444444444445 0.05892556509887897 -0.01964185503295966 0.00694444444444445 0.16666666666666666 -0.05555555555555555 -0.02083333333333333 -0.02083333333333333 -0.05555555555555555 0.16666666666666666 0.00694444444444445 0.44444444444444442 0.14583333333333334 0.00694444444444445 0.00000000000000000 -0.01964185503295966 0.05892556509887897 0.00000000000000000 0.15713484026367724 0.00000000000000000 0.15713484026367724 0.15713484026367724 0.00000000000000000 0.15713484026367724 0.00000000000000000 0.05892556509887897 -0.01964185503295966 0.05892556509887897 -0.01964185503295966 0.00000000000000000 0.44444444444444453 0.15713484026367724 0.00000000000000000 0.15713484026367724 0.00000000000000000 0.00000000000000000 0.15713484026367724 0.00000000000000000 0.15713484026367724 -0.01964185503295966 0.05892556509887897 -0.01964185503295966 0.05892556509887897 0.44444444444444453 0.00000000000000000;
C_02 = -0.02083333333333331 -0.00694444444444445 -0.20833333333333331 -0.06944444444444445 -0.00694444444444445 -0.16666666666666666 -0.06944444444444445 -0.16666666666666666 0.00000000000000000 -0.00694444444444445 0.00000000000000000 -0.06944444444444445 -0.47140452079103173 -0.15713484026367724 -0.00694444444444445 0.00000000000000000 -0.06944444444444445 0.00000000000000000 -0.14583333333333331 -0.44444444444444442 0.04166666666666666 0.05555555555555555 0.05555555555555555 0.02083333333333333 -0.00694444444444445 -0.16666666666666666 -0.15713484026367724 0.00000000000000000 -0.20833333333333331 -0.06944444444444445 -0.02083333333333331 -0.00694444444444445 -0.06944444444444445 -0.16666666666666666 -0.00694444444444445 -0.16666666666666666 0.00000000000000000 -0.06944444444444445 0.00000000000000000 -0.00694444444444445 -0.47140452079103173 -0.15713484026367724 -0.06944444444444445 0.00000000000000000 -0.00694444444444445 0.00000000000000000 0.04166666666666666 0.05555555555555555 -0.14583333333333331 -0.44444444444444442 -0.00694444444444445 -0.16666666666666666 0.05555555555555555 0.02083333333333333 -0.15713484026367724 0.00000000000000000 -0.00694444444444445 -0.14583333333333331 -0.06944444444444445 0.04166666666666666 0.00000000000000000 -0.44444444444444442 0.00000000000000000 0.05555555555555555 -0.00694444444444445 0.02083333333333333 0.05555555555555555 -0.16666666666666666 -0.15713484026367724 0.00000000000000000 -0.16666666666666666 -0.44444444444444442 -0.16666666666666666 0.05555555555555555 -0.44444444444444442 -1.33333333333333326 0.05555555555555555 0.16666666666666663 0.00000000000000000 0.05555555555555555 0.00000000000000000 -0.44444444444444442 -0.47140452079103173 -0.15713484026367724 -0.06944444444444445 0.04166666666666666 -0.00694444444444445 -0.14583333333333331 0.00000000000000000 0.05555555555555555 0.00000000000000000 -0.44444444444444442 0.05555555555555555 -0.16666666666666666 -0.00694444444444445 0.02083333333333333 -0.15713484026367724 0.00000000000000000 -0.16666666666666666 0.05555555555555555 -0.16666666666666666 -0.44444444444444442 0.05555555555555555 0.16666666666666663 -0.44444444444444442 -1.33333333333333326 0.00000000000000000 -0.44444444444444442 0.00000000000000000 0.05555555555555555 -0.47140452079103173 -0.15713484026367724 0.00000000000000000 0.05555555555555555 0.00000000000000000 -0.00694444444444445 -0.00694444444444445 0.00000000000000000 0.05555555555555555 0.00000000000000000 0.16666666666666663 0.05555555555555555 0.02083333333333333 0.05555555555555555 0.00000000000000000 0.01964185503295966 -0.00694444444444445 0.02083333333333333 -0.06944444444444445 -0.16666666666666666 0.02083333333333333 0.05555555555555555 -0.16666666666666666 -0.44444444444444442 0.05555555555555555 0.00000000000000000 0.05555555555555555 0.04166666666666666 -0.15713484026367724 -0.05892556509887897 0.00000000000000000 -0.00694444444444445 0.00000000000000000 0.05555555555555555 0.05555555555555555 0.00000000000000000 -0.00694444444444445 0.00000000000000000 0.02083333333333333 0.05555555555555555 0.16666666666666663 0.05555555555555555 0.00000000000000000 0.01964185503295966 -0.06944444444444445 -0.16666666666666666 -0.00694444444444445 0.02083333333333333 -0.16666666666666666 -0.44444444444444442 0.02083333333333333 0.05555555555555555 0.05555555555555555 0.04166666666666666 0.05555555555555555 0.00000000000000000 -0.15713484026367724 -0.05892556509887897 -0.47140452079103173 -0.15713484026367724 -0.47140452079103173 -0.15713484026367724 -0.15713484026367724 -0.47140452079103173 -0.15713484026367724 -0.47140452079103173 0.00000000000000000 -0.15713484026367724 0.00000000000000000 -0.15713484026367724 -1.33333333333333348 -0.44444444444444453 -0.15713484026367724 0.00000000000000000 -0.15713484026367724 0.00000000000000000 0.00000000000000000 -0.15713484026367724 0.00000000000000000 -0.15713484026367724 0.01964185503295966 -0.05892556509887897 0.01964185503295966 -0.05892556509887897 -0.44444444444444453 0.00000000000000000;
C_03 = 0.00000000000000000 -0.00694444444444445 0.00000000000000000 -0.06944444444444445 -0.44444444444444442 -0.14583333333333331 0.05555555555555555 0.04166666666666666 0.02083333333333333 0.05555555555555555 -0.16666666666666666 -0.00694444444444445 0.00000000000000000 -0.15713484026367724 -0.00694444444444445 -0.02083333333333331 -0.06944444444444445 -0.20833333333333331 -0.16666666666666666 -0.00694444444444445 -0.16666666666666666 -0.06944444444444445 -0.00694444444444445 0.00000000000000000 -0.06944444444444445 0.00000000000000000 -0.15713484026367724 -0.47140452079103173 0.00000000000000000 -0.06944444444444445 0.00000000000000000 -0.00694444444444445 0.05555555555555555 0.04166666666666666 -0.44444444444444442 -0.14583333333333331 -0.16666666666666666 -0.00694444444444445 0.02083333333333333 0.05555555555555555 0.00000000000000000 -0.15713484026367724 -0.06944444444444445 -0.20833333333333331 -0.00694444444444445 -0.02083333333333331 -0.16666666666666666 -0.06944444444444445 -0.16666666666666666 -0.00694444444444445 -0.06944444444444445 0.00000000000000000 -0.00694444444444445 0.00000000000000000 -0.15713484026367724 -0.47140452079103173 -0.44444444444444442 -0.16666666666666666 0.05555555555555555 -0.16666666666666666 -1.33333333333333326 -0.44444444444444442 0.16666666666666663 0.05555555555555555 0.05555555555555555 0.00000000000000000 -0.44444444444444442 0.00000000000000000 -0.15713484026367724 -0.47140452079103173 -0.14583333333333331 -0.00694444444444445 0.04166666666666666 -0.06944444444444445 -0.44444444444444442 0.00000000000000000 0.05555555555555555 0.00000000000000000 0.02083333333333333 -0.00694444444444445 -0.16666666666666666 0.05555555555555555 0.00000000000000000 -0.15713484026367724 0.05555555555555555 -0.16666666666666666 -0.44444444444444442 -0.16666666666666666 0.16666666666666663 0.05555555555555555 -1.33333333333333326 -0.44444444444444442 -0.44444444444444442 0.00000000000000000 0.05555555555555555 0.00000000000000000 -0.15713484026367724 -0.47140452079103173 0.04166666666666666 -0.06944444444444445 -0.14583333333333331 -0.00694444444444445 0.05555555555555555 0.00000000000000000 -0.44444444444444442 0.00000000000000000 -0.16666666666666666 0.05555555555555555 0.02083333333333333 -0.00694444444444445 0.00000000000000000 -0.15713484026367724 0.02083333333333333 -0.00694444444444445 -0.16666666666666666 -0.06944444444444445 0.05555555555555555 0.02083333333333333 -0.44444444444444442 -0.16666666666666666 0.00000000000000000 0.05555555555555555 0.04166666666666666 0.05555555555555555 -0.05892556509887897 -0.15713484026367724 0.05555555555555555 0.00000000000000000 -0.00694444444444445 0.00000000000000000 0.00000000000000000 -0.00694444444444445 0.00000000000000000 0.05555555555555555 0.05555555555555555 0.16666666666666663 0.05555555555555555 0.02083333333333333 0.01964185503295966 0.00000000000000000 -0.16666666666666666 -0.06944444444444445 0.02083333333333333 -0.00694444444444445 -0.44444444444444442 -0.16666666666666666 0.05555555555555555 0.02083333333333333 0.04166666666666666 0.05555555555555555 0.00000000000000000 0.05555555555555555 -0.05892556509887897 -0.15713484026367724 -0.00694444444444445 0.00000000000000000 0.05555555555555555 0.00000000000000000 0.00000000000000000 0.05555555555555555 0.00000000000000000 -0.00694444444444445 0.05555555555555555 0.02083333333333333 0.05555555555555555 0.16666666666666663 0.01964185503295966 0.00000000000000000 0.00000000000000000 -0.15713484026367724 0.00000000000000000 -0.15713484026367724 -0.15713484026367724 0.00000000000000000 -0.15713484026367724 0.00000000000000000 -0.05892556509887897 0.01964185503295966 -0.05892556509887897 0.01964185503295966 0.00000000000000000 -0.44444444444444453 -0.15713484026367724 -0.47140452079103173 -0.15713484026367724 -0.47140452079103173 -0.47140452079103173 -0.15713484026367724 -0.47140452079103173 -0.15713484026367724 -0.15713484026367724 0.00000000000000000 -0.15713484026367724 0.00000000000000000 -0.44444444444444453 -1.33333333333333348;
C_04 = -1.50000000000000000 -0.50000000000000000 0.18750000000000000 0.06250000000000000 -0.50000000000000000 -0.18750000000000000 0.06250000000000000 -0.18750000000000000 0.00000000000000000 -0.50000000000000000 0.00000000000000000 0.06250000000000000 -0.53033008588991060 -0.17677669529663689 -0.50000000000000000 -1.50000000000000000 0.06250000000000000 0.18750000000000000 -0.18750000000000000 -0.50000000000000000 -0.18750000000000000 0.06250000000000000 -0.50000000000000000 0.00000000000000000 0.06250000000000000 0.00000000000000000 -0.17677669529663689 -0.53033008588991060 0.18750000000000000 0.06250000000000000 0.18750000000000000 0.06250000000000000 0.06250000000000000 0.18750000000000000 0.06250000000000000 0.18750000000000000 0.00000000000000000 0.06250000000000000 0.00000000000000000 0.06250000000000000 0.53033008588991071 0.17677669529663689 0.06250000000000000 0.18750000000000000 0.06250000000000000 0.18750000000000000 0.18750000000000000 0.06250000000000000 0.18750000000000000 0.06250000000000000 0.06250000000000000 0.00000000000000000 0.06250000000000000 0.00000000000000000 0.17677669529663689 0.53033008588991071 -0.50000000000000000 -0.18750000000000000 0.06250000000000000 0.18750000000000000 0.00000000000000000 -0.06250000000000000 0.00000000000000000 -0.06250000000000000 0.06250000000000000 0.00000000000000000 0.50000000000000000 0.18750000000000000 -0.17677669529663689 0.00000000000000000 -0.18750000000000000 -0.50000000000000000 0.18750000000000000 0.06250000000000000 -0.06250000000000000 0.00000000000000000 -0.06250000000000000 0.00000000000000000 0.00000000000000000 0.06250000000000000 0.18750000000000000 0.50000000000000000 0.00000000000000000 -0.17677669529663689 0.06250000000000000 -0.18750000000000000 0.06250000000000000 0.18750000000000000 0.00000000000000000 -0.06250000000000000 0.00000000000000000 0.50000000000000000 -0.50000000000000000 0.00000000000000000 -0.06250000000000000 -0.18750000000000000 0.17677669529663689 0.00000000000000000 -0.18750000000000000 0.06250000000000000 0.18750000000000000 0.06250000000000000 -0.06250000000000000 0.00000000000000000 0.50000000000000000 0.00000000000000000 0.00000000000000000 -0.50000000000000000 -0.18750000000000000 -0.06250000000000000 0.00000000000000000 0.17677669529663689 0.00000000000000000 -0.50000000000000000 0.00000000000000000 0.06250000000000000 0.06250000000000000 0.00000000000000000 -0.50000000000000000 0.00000000000000000 -1.50000000000000000 -0.50000000000000000 -0.18750000000000000 -0.50000000000000000 0.00000000000000000 -0.17677669529663689 -0.50000000000000000 0.00000000000000000 0.06250000000000000 0.00000000000000000 0.00000000000000000 0.06250000000000000 0.00000000000000000 -0.50000000000000000 -0.50000000000000000 -1.50000000000000000 -0.50000000000000000 -0.18750000000000000 -0.17677669529663689 0.00000000000000000 0.00000000000000000 0.06250000000000000 0.00000000000000000 0.06250000000000000 0.50000000000000000 0.18750000000000000 -0.06250000000000000 -0.18750000000000000 -0.18750000000000000 -0.50000000000000000 0.00000000000000000 -0.06250000000000000 0.00000000000000000 0.17677669529663689 0.06250000000000000 0.00000000000000000 0.06250000000000000 0.00000000000000000 0.18750000000000000 0.50000000000000000 -0.18750000000000000 -0.06250000000000000 -0.50000000000000000 -0.18750000000000000 -0.06250000000000000 0.00000000000000000 0.17677669529663689 0.00000000000000000 -0.53033008588991071 -0.17677669529663689 0.53033008588991060 0.17677669529663689 -0.17677669529663689 0.00000000000000000 0.17677669529663689 0.00000000000000000 0.00000000000000000 -0.17677669529663689 0.00000000000000000 0.17677669529663689 0.00000000000000000 0.00000000000000000 -0.17677669529663689 -0.53033008588991071 0.17677669529663689 0.53033008588991060 0.00000000000000000 -0.17677669529663689 0.00000000000000000 0.17677669529663689 -0.17677669529663689 0.00000000000000000 0.17677669529663689 0.00000000000000000 0.00000000000000000 0.00000000000000000;
C_05 = 0.18750000000000000 0.06250000000000000 0.18750000000000000 0.06250000000000000 0.06250000000000000 0.18750000000000000 0.06250000000000000 0.18750000000000000 0.00000000000000000 0.06250000000000000 0.00000000000000000 0.06250000000000000 0.53033008588991071 0.17677669529663689 0.06250000000000000 0.18750000000000000 0.06250000000000000 0.18750000000000000 0.18750000000000000 0.06250000000000000 0.18750000000000000 0.06250000000000000 0.06250000000000000 0.00000000000000000 0.06250000000000000 0.00000000000000000 0.17677669529663689 0.53033008588991071 0.18750000000000000 0.06250000000000000 -1.50000000000000000 -0.50000000000000000 0.06250000000000000 -0.18750000000000000 -0.50000000000000000 -0.18750000000000000 0.00000000000000000 0.06250000000000000 0.00000000000000000 -0.50000000000000000 -0.53033008588991060 -0.17677669529663689 0.06250000000000000 0.18750000000000000 -0.50000000000000000 -1.50000000000000000 -0.18750000000000000 0.06250000000000000 -0.18750000000000000 -0.50000000000000000 0.06250000000000000 0.00000000000000000 -0.50000000000000000 0.00000000000000000 -0.17677669529663689 -0.53033008588991060 0.06250000000000000 0.18750000000000000 0.06250000000000000 -0.18750000000000000 0.00000000000000000 0.50000000000000000 0.00000000000000000 -0.06250000000000000 -0.06250000000000000 -0.18750000000000000 -0.50000000000000000 0.00000000000000000 0.17677669529663689 0.00000000000000000 0.18750000000000000 0.06250000000000000 -0.18750000000000000 0.06250000000000000 0.50000000000000000 0.00000000000000000 -0.06250000000000000 0.00000000000000000 -0.18750000000000000 -0.06250000000000000 0.00000000000000000 -0.50000000000000000 0.00000000000000000 0.17677669529663689 0.06250000000000000 0.18750000000000000 -0.50000000000000000 -0.18750000000000000 0.00000000000000000 -0.06250000000000000 0.00000000000000000 -0.06250000000000000 0.50000000000000000 0.18750000000000000 0.06250000000000000 0.00000000000000000 -0.17677669529663689 0.00000000000000000 0.18750000000000000 0.06250000000000000 -0.18750000000000000 -0.50000000000000000 -0.06250000000000000 0.00000000000000000 -0.06250000000000000 0.00000000000000000 0.18750000000000000 0.50000000000000000 0.00000000000000000 0.06250000000000000 0.00000000000000000 -0.17677669529663689 0.00000000000000000 0.06250000000000000 0.00000000000000000 0.06250000000000000 -0.06250000000000000 -0.18750000000000000 0.50000000000000000 0.18750000000000000 0.00000000000000000 -0.06250000000000000 -0.18750000000000000 -0.50000000000000000 0.00000000000000000 0.17677669529663689 0.06250000000000000 0.00000000000000000 0.06250000000000000 0.00000000000000000 -0.18750000000000000 -0.06250000000000000 0.18750000000000000 0.50000000000000000 -0.06250000000000000 0.00000000000000000 -0.50000000000000000 -0.18750000000000000 0.17677669529663689 0.00000000000000000 0.00000000000000000 0.06250000000000000 0.00000000000000000 -0.50000000000000000 -0.50000000000000000 0.00000000000000000 0.06250000000000000 0.00000000000000000 -0.18750000000000000 -0.50000000000000000 -1.50000000000000000 -0.50000000000000000 0.00000000000000000 -0.17677669529663689 0.06250000000000000 0.00000000000000000 -0.50000000000000000 0.00000000000000000 0.00000000000000000 -0.50000000000000000 0.00000000000000000 0.06250000000000000 -0.50000000000000000 -0.18750000000000000 -0.50000000000000000 -1.50000000000000000 -0.17677669529663689 0.00000000000000000 0.53033008588991060 0.17677669529663689 -0.53033008588991071 -0.17677669529663689 0.17677669529663689 0.00000000000000000 -0.17677669529663689 0.00000000000000000 0.00000000000000000 0.17677669529663689 0.00000000000000000 -0.17677669529663689 0.00000000000000000 0.00000000000000000 0.17677669529663689 0.53033008588991060 -0.17677669529663689 -0.53033008588991071 0.00000000000000000 0.17677669529663689 0.00000000000000000 -0.17677669529663689 0.17677669529663689 0.00000000000000000 -0.17677669529663689 0.00000000000000000 0.00000000000000000 0.00000000000000000;
C_12 = 0.00000000000000000 -0.44444444444444442 0.00000000000000000 0.05555555555555555 -0.00694444444444445 -0.14583333333333331 -0.06944444444444445 0.04166666666666666 -0.16666666666666666 0.05555555555555555 0.02083333333333333 -0.00694444444444445 0.00000000000000000 -0.15713484026367724 -0.44444444444444442 -1.33333333333333326 0.05555555555555555 0.16666666666666663 -0.16666666666666666 -0.44444444444444442 -0.16666666666666666 0.05555555555555555 -0.44444444444444442 0.00000000000000000 0.05555555555555555 0.00000000000000000 -0.15713484026367724 -0.47140452079103173 0.00000000000000000 0.05555555555555555 0.00000000000000000 -0.44444444444444442 -0.06944444444444445 0.04166666666666666 -0.00694444444444445 -0.14583333333333331 0.02083333333333333 -0.00694444444444445 -0.16666666666666666 0.05555555555555555 0.00000000000000000 -0.15713484026367724 0.05555555555555555 0.16666666666666663 -0.44444444444444442 -1.33333333333333326 -0.16666666666666666 0.05555555555555555 -0.16666666666666666 -0.44444444444444442 0.05555555555555555 0.00000000000000000 -0.44444444444444442 0.00000000000000000 -0.15713484026367724 -0.47140452079103173 -0.00694444444444445 -0.16666666666666666 -0.06944444444444445 -0.16666666666666666 -0.02083333333333331 -0.00694444444444445 -0.20833333333333331 -0.06944444444444445 -0.06944444444444445 0.00000000000000000 -0.00694444444444445 0.00000000000000000 -0.15713484026367724 -0.47140452079103173 -0.14583333333333331 -0.44444444444444442 0.04166666666666666 0.05555555555555555 -0.00694444444444445 0.00000000000000000 -0.06944444444444445 0.00000000000000000 -0.16666666666666666 -0.00694444444444445 0.02083333333333333 0.05555555555555555 0.00000000000000000 -0.15713484026367724 -0.06944444444444445 -0.16666666666666666 -0.00694444444444445 -0.16666666666666666 -0.20833333333333331 -0.06944444444444445 -0.02083333333333331 -0.00694444444444445 -0.00694444444444445 0.00000000000000000 -0.06944444444444445 0.00000000000000000 -0.15713484026367724 -0.47140452079103173 0.04166666666666666 0.05555555555555555 -0.14583333333333331 -0.44444444444444442 -0.06944444444444445 0.00000000000000000 -0.00694444444444445 0.00000000000000000 0.02083333333333333 0.05555555555555555 -0.16666666666666666 -0.00694444444444445 0.00000000000000000 -0.15713484026367724 -0.16666666666666666 -0.44444444444444442 0.02083333333333333 0.05555555555555555 -0.06944444444444445 -0.16666666666666666 -0.00694444444444445 0.02083333333333333 0.00000000000000000 0.05555555555555555 0.04166666666666666 0.05555555555555555 -0.05892556509887897 -0.15713484026367724 0.05555555555555555 0.00000000000000000 -0.00694444444444445 0.00000000000000000 0.00000000000000000 -0.00694444444444445 0.00000000000000000 0.05555555555555555 0.05555555555555555 0.16666666666666663 0.05555555555555555 0.02083333333333333 0.01964185503295966 0.00000000000000000 0.02083333333333333 0.05555555555555555 -0.16666666666666666 -0.44444444444444442 -0.00694444444444445 0.02083333333333333 -0.06944444444444445 -0.16666666666666666 0.04166666666666666 0.05555555555555555 0.00000000000000000 0.05555555555555555 -0.05892556509887897 -0.15713484026367724 -0.00694444444444445 0.00000000000000000 0.05555555555555555 0.00000000000000000 0.00000000000000000 0.05555555555555555 0.00000000000000000 -0.00694444444444445 0.05555555555555555 0.02083333333333333 0.05555555555555555 0.16666666666666663 0.01964185503295966 0.00000000000000000 0.00000000000000000 -0.15713484026367724 0.00000000000000000 -0.15713484026367724 -0.15713484026367724 0.00000000000000000 -0.15713484026367724 0.00000000000000000 -0.05892556509887897 0.01964185503295966 -0.05892556509887897 0.01964185503295966 0.00000000000000000 -0.44444444444444453 -0.15713484026367724 -0.47140452079103173 -0.15713484026367724 -0.47140452079103173 -0.47140452079103173 -0.15713484026367724 -0.47140452079103173 -0.15713484026367724 -0.15713484026367724 0.00000000000000000 -0.15713484026367724 0.00000000000000000 -0.44444444444444453 -1.33333333333333348;
C_13 = -1.33333333333333326 -0.44444444444444442 0.16666666666666663 0.05555555555555555 -0.44444444444444442 -0.16666666666666666 0.05555555555555555 -0.16666666666666666 0.00000000000000000 -0.44444444444444442 0.00000000000000000 0.05555555555555555 -0.47140452079103173 -0.15713484026367724 -0.44444444444444442 0.00000000000000000 0.05555555555555555 0.00000000000000000 -0.14583333333333331 -0.00694444444444445 0.04166666666666666 -0.06944444444444445 0.05555555555555555 -0.16666666666666666 -0.00694444444444445 0.02083333333333333 -0.15713484026367724 0.00000000000000000 0.16666666666666663 0.05555555555555555 -1.33333333333333326 -0.44444444444444442 0.05555555555555555 -0.16666666666666666 -0.44444444444444442 -0.16666666666666666 0.00000000000000000 0.05555555555555555 0.00000000000000000 -0.44444444444444442 -0.47140452079103173 -0.15713484026367724 0.05555555555555555 0.00000000000000000 -0.44444444444444442 0.00000000000000000 0.04166666666666666 -0.06944444444444445 -0.14583333333333331 -0.00694444444444445 -0.00694444444444445 0.02083333333333333 0.05555555555555555 -0.16666666666666666 -0.15713484026367724 0.00000000000000000 -0.44444444444444442 -0.14583333333333331 0.05555555555555555 0.04166666666666666 0.00000000000000000 -0.00694444444444445 0.00000000000000000 -0.06944444444444445 -0.00694444444444445 -0.16666666666666666 0.05555555555555555 0.02083333333333333 -0.15713484026367724 0.00000000000000000 -0.16666666666666666 -0.00694444444444445 -0.16666666666666666 -0.06944444444444445 -0.00694444444444445 -0.02083333333333331 -0.06944444444444445 -0.20833333333333331 0.00000000000000000 -0.06944444444444445 0.00000000000000000 -0.00694444444444445 -0.47140452079103173 -0.15713484026367724 0.05555555555555555 0.04166666666666666 -0.44444444444444442 -0.14583333333333331 0.00000000000000000 -0.06944444444444445 0.00000000000000000 -0.00694444444444445 0.05555555555555555 0.02083333333333333 -0.00694444444444445 -0.16666666666666666 -0.15713484026367724 0.00000000000000000 -0.16666666666666666 -0.06944444444444445 -0.16666666666666666 -0.00694444444444445 -0.06944444444444445 -0.20833333333333331 -0.00694444444444445 -0.02083333333333331 0.00000000000000000 -0.00694444444444445 0.00000000000000000 -0.06944444444444445 -0.47140452079103173 -0.15713484026367724 0.00000000000000000 0.05555555555555555 0.00000000000000000 -0.00694444444444445 -0.00694444444444445 0.00000000000000000 0.05555555555555555 0.00000000000000000 0.16666666666666663 0.05555555555555555 0.02083333333333333 0.05555555555555555 0.00000000000000000 0.01964185503295966 -0.44444444444444442 -0.16666666666666666 0.05555555555555555 0.02083333333333333 -0.16666666666666666 -0.06944444444444445 0.02083333333333333 -0.00694444444444445 0.05555555555555555 0.00000000000000000 0.05555555555555555 0.04166666666666666 -0.15713484026367724 -0.05892556509887897 0.00000000000000000 -0.00694444444444445 0.00000000000000000 0.05555555555555555 0.05555555555555555 0.00000000000000000 -0.00694444444444445 0.00000000000000000 0.02083333333333333 0.05555555555555555 0.16666666666666663 0.05555555555555555 0.00000000000000000 0.01964185503295966 0.05555555555555555 0.02083333333333333 -0.44444444444444442 -0.16666666666666666 0.02083333333333333 -0.00694444444444445 -0.16666666666666666 -0.06944444444444445 0.05555555555555555 0.04166666666666666 0.05555555555555555 0.00000000000000000 -0.15713484026367724 -0.05892556509887897 -0.47140452079103173 -0.15713484026367724 -0.47140452079103173 -0.15713484026367724 -0.15713484026367724 -0.47140452079103173 -0.15713484026367724 -0.47140452079103173 0.00000000000000000 -0.15713484026367724 0.00000000000000000 -0.15713484026367724 -1.33333333333333348 -0.44444444444444453 -0.15713484026367724 0.00000000000000000 -0.15713484026367724 0.00000000000000000 0.00000000000000000 -0.15713484026367724 0.00000000000000000 -0.15713484026367724 0.01964185503295966 -0.05892556509887897 0.01964185503295966 -0.05892556509887897 -0.44444444444444453 0.00000000000000000;
C_14 = 0.00000000000000000 -0.06250000000000000 0.00000000000000000 -0.06250000000000000 -0.50000000000000000 -0.18750000000000000 0.06250000000000000 0.18750000000000000 0.18750000000000000 0.50000000000000000 0.00000000000000000 0.06250000000000000 0.00000000000000000 -0.17677669529663689 -0.06250000000000000 0.00000000000000000 -0.06250000000000000 0.00000000000000000 -0.18750000000000000 -0.50000000000000000 0.18750000000000000 0.06250000000000000 0.50000000000000000 0.18750000000000000 0.06250000000000000 0.00000000000000000 -0.17677669529663689 0.00000000000000000 0.00000000000000000 -0.06250000000000000 0.00000000000000000 0.50000000000000000 0.06250000000000000 -0.18750000000000000 0.06250000000000000 0.18750000000000000 -0.18750000000000000 -0.06250000000000000 0.00000000000000000 -0.50000000000000000 0.00000000000000000 0.17677669529663689 -0.06250000000000000 0.00000000000000000 0.50000000000000000 0.00000000000000000 -0.18750000000000000 0.06250000000000000 0.18750000000000000 0.06250000000000000 -0.06250000000000000 -0.18750000000000000 -0.50000000000000000 0.00000000000000000 0.17677669529663689 0.00000000000000000 -0.50000000000000000 -0.18750000000000000 0.06250000000000000 -0.18750000000000000 -1.50000000000000000 -0.50000000000000000 0.18750000000000000 0.06250000000000000 0.06250000000000000 0.00000000000000000 -0.50000000000000000 0.00000000000000000 -0.17677669529663689 -0.53033008588991060 -0.18750000000000000 -0.50000000000000000 -0.18750000000000000 0.06250000000000000 -0.50000000000000000 -1.50000000000000000 0.06250000000000000 0.18750000000000000 0.00000000000000000 0.06250000000000000 0.00000000000000000 -0.50000000000000000 -0.53033008588991060 -0.17677669529663689 0.06250000000000000 0.18750000000000000 0.06250000000000000 0.18750000000000000 0.18750000000000000 0.06250000000000000 0.18750000000000000 0.06250000000000000 0.06250000000000000 0.00000000000000000 0.06250000000000000 0.00000000000000000 0.17677669529663689 0.53033008588991071 0.18750000000000000 0.06250000000000000 0.18750000000000000 0.06250000000000000 0.06250000000000000 0.18750000000000000 0.06250000000000000 0.18750000000000000 0.00000000000000000 0.06250000000000000 0.00000000000000000 0.06250000000000000 0.53033008588991071 0.17677669529663689 0.18750000000000000 0.50000000000000000 -0.18750000000000000 -0.06250000000000000 0.06250000000000000 0.00000000000000000 0.06250000000000000 0.00000000000000000 0.00000000000000000 -0.06250000000000000 -0.18750000000000000 -0.50000000000000000 0.00000000000000000 0.17677669529663689 0.50000000000000000 0.18750000000000000 -0.06250000000000000 -0.18750000000000000 0.00000000000000000 0.06250000000000000 0.00000000000000000 0.06250000000000000 -0.06250000000000000 0.00000000000000000 -0.50000000000000000 -0.18750000000000000 0.17677669529663689 0.00000000000000000 0.00000000000000000 0.06250000000000000 0.00000000000000000 -0.50000000000000000 -0.50000000000000000 0.00000000000000000 0.06250000000000000 0.00000000000000000 -0.18750000000000000 -0.50000000000000000 -1.50000000000000000 -0.50000000000000000 0.00000000000000000 -0.17677669529663689 0.06250000000000000 0.00000000000000000 -0.50000000000000000 0.00000000000000000 0.00000000000000000 -0.50000000000000000 0.00000000000000000 0.06250000000000000 -0.50000000000000000 -0.18750000000000000 -0.50000000000000000 -1.50000000000000000 -0.17677669529663689 0.00000000000000000 0.00000000000000000 -0.17677669529663689 0.00000000000000000 0.17677669529663689 -0.17677669529663689 -0.53033008588991071 0.17677669529663689 0.53033008588991060 0.00000000000000000 0.17677669529663689 0.00000000000000000 -0.17677669529663689 0.00000000000000000 0.00000000000000000 -0.17677669529663689 0.00000000000000000 0.17677669529663689 0.00000000000000000 -0.53033008588991071 -0.17677669529663689 0.53033008588991060 0.17677669529663689 0.17677669529663689 0.00000000000000000 -0.17677669529663689 0.00000000000000000 0.00000000000000000 0.00000000000000000;
