
-1.84782608695652 -0.0869565217391304 0.304347826086956 -1.44463023702923 0 -0.812604508328942 -0.0869565217391304 -1.84782608695652 0.304347826086956 -1.44463023702923 -0.812604508328942 0 0.304347826086956 0.304347826086956 0.695652173913043 0.180578779628654 0.812604508328942 0.812604508328942 -1.44463023702923 -1.44463023702923 0.180578779628654 -3 -0.375 -0.375 0 -0.812604508328942 0.812604508328942 -0.375 0 0.375 -0.812604508328942 0 0.812604508328942 -0.375 0.375 0 
0.695652173913043 0.304347826086956 0.304347826086957 0.812604508328942 0.180578779628654 0.812604508328942 0.304347826086956 -1.84782608695652 -0.0869565217391304 -0.812604508328942 -1.44463023702923 0 0.304347826086957 -0.0869565217391304 -1.84782608695652 0 -1.44463023702923 -0.812604508328942 0.812604508328942 -0.812604508328942 0 0 -0.375 0.375 0.180578779628654 -1.44463023702923 -1.44463023702923 -0.375 -3 -0.375 0.812604508328942 0 -0.812604508328942 0.375 -0.375 0 
-1.84782608695652 0.304347826086956 -0.0869565217391304 -0.812604508328942 0 -1.44463023702923 0.304347826086956 0.695652173913043 0.304347826086956 0.812604508328942 0.812604508328942 0.180578779628654 -0.0869565217391304 0.304347826086956 -1.84782608695652 0 -0.812604508328942 -1.44463023702923 -0.812604508328942 0.812604508328942 0 0 0.375 -0.375 0 0.812604508328942 -0.812604508328942 0.375 0 -0.375 -1.44463023702923 0.180578779628654 -1.44463023702923 -0.375 -0.375 -3 
-1.84782608695652 0.304347826086956 -0.0869565217391304 -0.812604508328942 0 -1.44463023702923 0.304347826086956 0.695652173913043 0.304347826086956 0.812604508328942 0.812604508328942 0.180578779628654 -0.0869565217391304 0.304347826086956 -1.84782608695652 0 -0.812604508328942 -1.44463023702923 -0.812604508328942 0.812604508328942 0 0 0.375 -0.375 0 0.812604508328942 -0.812604508328942 0.375 0 -0.375 -1.44463023702923 0.180578779628654 -1.44463023702923 -0.375 -0.375 -3 
0.695652173913043 0.304347826086957 0.304347826086956 0.812604508328942 0.180578779628654 0.812604508328942 0.304347826086957 -1.84782608695652 -0.0869565217391304 -0.812604508328942 -1.44463023702923 0 0.304347826086956 -0.0869565217391304 -1.84782608695652 0 -1.44463023702923 -0.812604508328942 0.812604508328942 -0.812604508328942 0 0 -0.375 0.375 0.180578779628654 -1.44463023702923 -1.44463023702923 -0.375 -3 -0.375 0.812604508328942 0 -0.812604508328942 0.375 -0.375 0 
-1.84782608695652 -0.0869565217391304 0.304347826086956 -1.44463023702923 0 -0.812604508328942 -0.0869565217391304 -1.84782608695652 0.304347826086956 -1.44463023702923 -0.812604508328942 0 0.304347826086956 0.304347826086956 0.695652173913043 0.180578779628654 0.812604508328942 0.812604508328942 -1.44463023702923 -1.44463023702923 0.180578779628654 -3 -0.375 -0.375 0 -0.812604508328942 0.812604508328942 -0.375 0 0.375 -0.812604508328942 0 0.812604508328942 -0.375 0.375 0 6
