% number of basis vectors with non-zero coefficient
SIZE_CONNECTED = 3;

% prefactors of the partial amplitude in total amplitude
a_0 = 5.19615242270663291;
a_1 = 5.19615242270663291;
a_2 = 10.39230484541326582;

% permutations defining the partial amplitudes
A_0 = 0 2 3 1;
A_1 = 0 3 2 1;
A_2 = 0 1 2 3;


% dimension of the colour space
DIM = 3;

% colour metric aka soft matrix
METRIC = 1.00000000000000022 0.00000000000000000 0.00000000000000000 0.00000000000000000 1.00000000000000022 0.00000000000000000 0.00000000000000000 0.00000000000000000 1.00000000000000022;

% colour change matrices
C_01 = 0.00000000000000000 0.00000000000000000 0.00000000000000000 0.00000000000000000 0.00000000000000000 0.00000000000000000 0.00000000000000000 0.00000000000000000 -1.50000000000000022;
C_02 = -1.50000000000000022 0.00000000000000000 0.00000000000000000 0.00000000000000000 0.00000000000000000 0.00000000000000000 0.00000000000000000 0.00000000000000000 0.00000000000000000;
C_03 = 0.00000000000000000 0.00000000000000000 0.00000000000000000 0.00000000000000000 -1.50000000000000022 0.00000000000000000 0.00000000000000000 0.00000000000000000 0.00000000000000000;
C_12 = 0.00000000000000000 0.00000000000000000 0.00000000000000000 0.00000000000000000 -1.50000000000000022 0.00000000000000000 0.00000000000000000 0.00000000000000000 0.00000000000000000;
C_13 = -1.50000000000000022 0.00000000000000000 0.00000000000000000 0.00000000000000000 0.00000000000000000 0.00000000000000000 0.00000000000000000 0.00000000000000000 0.00000000000000000;
C_23 = -1.50000000000000022 0.00000000000000000 0.00000000000000000 0.00000000000000000 -1.50000000000000022 0.00000000000000000 0.00000000000000000 0.00000000000000000 -3.00000000000000044;
