% NOTE: This is a large-NC file.
% number of basis vectors with non-zero coefficient
SIZE_CONNECTED = 3;

% prefactors of the partial amplitude in total amplitude
a_0 = 2.00000000000000044;
a_1 = 2.00000000000000044;
a_2 = 2.00000000000000044;

% permutations defining the partial amplitudes
A_0 = 0 2 3 1;
A_1 = 0 3 2 1;
A_2 = 0 1 2 3;


% dimension of the colour space
DIM = 3;

% colour metric aka soft matrix
METRIC = 108.00000000000000000 -0.00000000000000000 0.00000000000000000 -0.00000000000000000 108.00000000000000000 0.00000000000000000 0.00000000000000000 0.00000000000000000 27.00000000000000000;

% colour change matrices
C_01 = 0.00000000000000000 0.00000000000000000 0.00000000000000000 0.00000000000000000 0.00000000000000000 0.00000000000000000 0.00000000000000000 0.00000000000000000 -162.00000000000000000;
C_02 = -648.00000000000000000 0.00000000000000000 0.00000000000000000 0.00000000000000000 0.00000000000000000 0.00000000000000000 0.00000000000000000 0.00000000000000000 0.00000000000000000;
C_03 = 0.00000000000000000 0.00000000000000000 0.00000000000000000 0.00000000000000000 -648.00000000000000000 0.00000000000000000 0.00000000000000000 0.00000000000000000 0.00000000000000000;
C_12 = 0.00000000000000000 0.00000000000000000 0.00000000000000000 0.00000000000000000 -648.00000000000000000 0.00000000000000000 0.00000000000000000 0.00000000000000000 0.00000000000000000;
C_13 = -648.00000000000000000 0.00000000000000000 0.00000000000000000 0.00000000000000000 0.00000000000000000 0.00000000000000000 0.00000000000000000 0.00000000000000000 0.00000000000000000;
C_23 = -648.00000000000000000 0.00000000000000000 0.00000000000000000 0.00000000000000000 -648.00000000000000000 0.00000000000000000 0.00000000000000000 0.00000000000000000 -324.00000000000000000;
