% NOTE: This is a LC file.
% number of basis vectors with non-zero coefficient
SIZE_CONNECTED = 3;

% prefactors of the partial amplitude in total amplitude
a_0 = 4.61880215351700674;
a_1 = 4.61880215351700674;
a_2 = 9.79795897113271330;

% permutations defining the partial amplitudes
A_0 = 0 2 3 1;
A_1 = 0 3 2 1;
A_2 = 0 1 2 3;


% dimension of the colour space
DIM = 3;

% colour metric aka soft matrix
METRIC = 1.26562500000000044 0.14062500000000003 0.39774756441743303 0.14062500000000003 1.26562500000000044 0.39774756441743303 0.39774756441743303 0.39774756441743303 1.12500000000000022;

% colour change matrices
C_01 = -0.21093750000000006 -0.21093750000000006 -0.59662134662614952 -0.21093750000000006 -0.21093750000000006 -0.59662134662614952 -0.59662134662614952 -0.59662134662614952 -1.68750000000000067;
C_02 = -1.68750000000000067 0.00000000000000000 -0.53033008588991071 0.00000000000000000 0.00000000000000000 0.53033008588991071 -0.53033008588991071 0.53033008588991071 0.00000000000000000;
C_03 = 0.00000000000000000 0.00000000000000000 0.53033008588991071 0.00000000000000000 -1.68750000000000067 -0.53033008588991071 0.53033008588991071 -0.53033008588991071 0.00000000000000000;
C_12 = 0.00000000000000000 0.00000000000000000 0.53033008588991071 0.00000000000000000 -1.68750000000000067 -0.53033008588991071 0.53033008588991071 -0.53033008588991071 0.00000000000000000;
C_13 = -1.68750000000000067 0.00000000000000000 -0.53033008588991071 0.00000000000000000 0.00000000000000000 0.53033008588991071 -0.53033008588991071 0.53033008588991071 0.00000000000000000;
C_23 = -1.68750000000000067 0.00000000000000000 -1.06066017177982141 0.00000000000000000 -1.68750000000000067 -1.06066017177982141 -1.06066017177982141 -1.06066017177982141 -3.00000000000000133;
