SIZE_CONNECTED = 2


a_0 = 3
a_1 = 3

A_0 = 2 0 3 1
A_1 = 2 1 3 0 

DIM = 2

METRIC = 1 0.333333222222259 0.333333222222259 1; 

C_01 = 0 0.444444444444444 0.444444444444444 0;
C_02 = -1.33333333333333 -0.444444444444444 -0.444444444444444 -0;
C_03 = -0 -0.444444444444444 -0.444444444444444 -1.33333333333333;
C_12 = -0 -0.444444444444444 -0.444444444444444 -1.33333333333333;
C_13 = -1.33333333333333 -0.444444444444444 -0.444444444444444 -0;
C_23 = 0 0.444444444444444 0.444444444444444 0;